{
 "cells": [
  {
   "cell_type": "markdown",
   "metadata": {
    "colab_type": "text",
    "id": "vJeSvOMfWSvJ"
   },
   "source": [
    "# Project 2 - Linear Classification and Nearest Neighbor Classification"
   ]
  },
  {
   "cell_type": "markdown",
   "metadata": {
    "colab_type": "text",
    "id": "x3bp1rGqWSvM"
   },
   "source": [
    "# Mandana Samiei\n",
    "Student ID: 260779555"
   ]
  },
  {
   "cell_type": "markdown",
   "metadata": {},
   "source": [
    "# Q1, Q2 and Q3"
   ]
  },
  {
   "cell_type": "code",
   "execution_count": 48,
   "metadata": {
    "colab": {
     "autoexec": {
      "startup": false,
      "wait_interval": 0
     }
    },
    "colab_type": "code",
    "collapsed": true,
    "id": "g7lFMaQRWSvN"
   },
   "outputs": [],
   "source": [
    "import numpy as np \n",
    "from numpy import genfromtxt\n",
    "import matplotlib\n",
    "import matplotlib.pyplot as plt\n",
    "import csv\n",
    "import math\n",
    "from numpy.linalg import inv\n",
    "%matplotlib inline  \n",
    "\n",
    "def load_mean(file_name):\n",
    "    my_data = genfromtxt(file_name, delimiter=',')\n",
    "    mean = my_data[:20]\n",
    "    return mean\n",
    "def load_cov(file_name):\n",
    "    my_data = genfromtxt(file_name, delimiter = ',')\n",
    "    cov = my_data[:,:20]\n",
    "    return cov\n",
    "def load_data(file_name):\n",
    "    my_data = genfromtxt(file_name, delimiter = ',')\n",
    "    return my_data"
   ]
  },
  {
   "cell_type": "markdown",
   "metadata": {},
   "source": [
    "# Data generation and manipulation"
   ]
  },
  {
   "cell_type": "code",
   "execution_count": 49,
   "metadata": {
    "colab": {
     "autoexec": {
      "startup": false,
      "wait_interval": 0
     }
    },
    "colab_type": "code",
    "collapsed": true,
    "id": "ONiEgsrbWSvU"
   },
   "outputs": [],
   "source": [
    "def generate_data(m0,m1,cov,num=2000):\n",
    "    x0 = np.random.multivariate_normal(m0,cov,num) # 2000*20 neg\n",
    "    x1 = np.random.multivariate_normal(m1,cov,num) # pos\n",
    "    return x0,x1  \n",
    "def label_data(x0,x1): # add -1 as a label for negative classes and +1 as label for poseive classes \n",
    "    y0 = np.zeros((2000,1))\n",
    "    y1 = np.ones((2000,1))\n",
    "    d0 = np.concatenate((x0,(y0-1)),axis=1) #2000*21\n",
    "    d1 = np.concatenate((x1,y1),axis=1)\n",
    "    return d0,d1\n",
    "def divide_data(d0,d1):\n",
    "    rand_num0 =  np.random.permutation(d0.shape[0])\n",
    "    test_0 = d0[rand_num0[:600]]\n",
    "    train_0 = d0[rand_num0[600:]]\n",
    "    rand_num1 =  np.random.permutation(d1.shape[0])\n",
    "    test_1 = d1[rand_num1[:600]]\n",
    "    train_1 = d1[rand_num1[600:]]  \n",
    "    test_data = np.concatenate((test_0,test_1),axis=0)\n",
    "    train_data = np.concatenate((train_0,train_1),axis=0) \n",
    "    return test_data, train_data\n",
    "def shuffle_data(x):\n",
    "    np.random.shuffle(x)\n",
    "    return x\n",
    "def save_data(train, test):\n",
    "    np.savetxt(\"DS1_train.csv\", train, fmt='%15s', delimiter=',')    \n",
    "    np.savetxt(\"DS1.csv\", test, fmt='%15s', delimiter=',')    "
   ]
  },
  {
   "cell_type": "markdown",
   "metadata": {
    "colab_type": "text",
    "id": "VW76OvM3WSva"
   },
   "source": [
    "# Learn LDA Parameters : Mu1, Mu2, Covariance, p(C1), p(C2)"
   ]
  },
  {
   "cell_type": "markdown",
   "metadata": {
    "colab_type": "text",
    "id": "O27pGjNGWSvc"
   },
   "source": [
    "Using the maximum likelihood of data points(x,t),\n",
    "we often maximize log of likelihood function instead of likelihood function "
   ]
  },
  {
   "cell_type": "code",
   "execution_count": 50,
   "metadata": {
    "colab": {
     "autoexec": {
      "startup": false,
      "wait_interval": 0
     }
    },
    "colab_type": "code",
    "collapsed": true,
    "id": "y3_sFk_2WSvd"
   },
   "outputs": [],
   "source": [
    "def LDA_parameters(x_c1, x_c2):\n",
    "    N1 = x_c1.shape[0] # Number of Negative examples\n",
    "    N2 = x_c2.shape[0] # Number of Posetive examples\n",
    "    total_samples = N1 + N2\n",
    "    # Learn P(c1) and P(c2)\n",
    "    p_c1  = float(N1)/total_samples#fraction of points in c1 over total number of points \n",
    "    p_c2  = float(N2)/total_samples#fraction of points in c2 over total number of points\n",
    "    # Learn Mu1 and Mu2\n",
    "    Mu1 = x_c1[:,:].mean(axis=0)\n",
    "    Mu2 = x_c2[:,:].mean(axis=0)\n",
    "    # learn covariance\n",
    "    S1 = np.dot((x_c1[:,:] - Mu1).T,(x_c1[:,:] - Mu1))/N1\n",
    "    S2 = np.dot(((x_c2[:,:] - Mu2).T),(x_c2[:,:] - Mu2))/N2\n",
    "    cov = p_c1*S1 + p_c2*S2\n",
    "    return Mu1, Mu2, cov, p_c1, p_c2\n",
    "\n",
    "def LDA_model(mu1, mu2, cov, p_c1, p_c2):\n",
    "    b = inv(cov)\n",
    "    w = np.dot(b,(mu1-mu2))\n",
    "    w0 = -(np.dot((mu1.T),np.dot(b,mu1)))/2. + (np.dot((mu2.T),np.dot(b,mu2)))/2. + np.log(p_c1/float(p_c2))\n",
    "    return w,w0\n",
    "    \n",
    "def LDA_prediction(w,w0,x):\n",
    "    a = np.dot(x,(w.T)) + w0 \n",
    "    y = 1./ (1. + np.exp(-a)) # y = sigmoid(a)\n",
    "    for i in range(y.shape[0]):\n",
    "        if y[i] > 0.5:\n",
    "            y[i] = -1.0\n",
    "        else: \n",
    "            y[i] = 1.0\n",
    "    return y"
   ]
  },
  {
   "cell_type": "markdown",
   "metadata": {},
   "source": [
    "# K-Nearest_Neighbour Algorithm "
   ]
  },
  {
   "cell_type": "code",
   "execution_count": 51,
   "metadata": {
    "collapsed": true
   },
   "outputs": [],
   "source": [
    "def KNN(train_set, test_set, k):\n",
    "    labels = np.zeros(test_set.shape[0])\n",
    "    for i in range(test_set.shape[0]):\n",
    "        distances = np.linalg.norm(train_set[:,:20] - test_set[i,:20][None,:],axis=1)\n",
    "        neighbours = distances.argsort()[:k]\n",
    "        if train_set[neighbours,20].sum() > 0.0:\n",
    "            labels[i] = +1\n",
    "        else:\n",
    "            labels[i] = -1\n",
    "    return labels"
   ]
  },
  {
   "cell_type": "markdown",
   "metadata": {},
   "source": [
    "# Evaluation Metrics"
   ]
  },
  {
   "cell_type": "code",
   "execution_count": 31,
   "metadata": {
    "collapsed": true
   },
   "outputs": [],
   "source": [
    "def get_accuracy(test_set, prediction):\n",
    "    correct = 0\n",
    "    for i in range(test_set.shape[0]):\n",
    "        if (test_set[i] == prediction[i]):\n",
    "            correct += 1;\n",
    "    accuracy = (correct / float(test_set.shape[0]))* 100.0\n",
    "    return accuracy\n",
    "def get_precision(test_set, prediction):\n",
    "    TP,_,FP,_ = get_confusion_mat(test_set, prediction)\n",
    "    precision = float(TP) / (TP+FP)\n",
    "    return precision* 100.0\n",
    "def get_recall(test_set, prediction):\n",
    "    TP,_,_,FN = get_confusion_mat(test_set, prediction)\n",
    "    recall = float(TP) / (TP+FN)\n",
    "    return recall* 100.0\n",
    "def get_Fmeasure(pr, rc):\n",
    "    return 2*(pr*rc)/float(pr+rc)\n",
    "def get_confusion_mat(test_set, prediction):\n",
    "    TP, TN, FN, FP = 0, 0, 0, 0\n",
    "    for i in range(test_set.shape[0]):\n",
    "        if test_set[i] == prediction[i] and test_set[i] == 1.0: # True Posetive\n",
    "            TP +=1\n",
    "        elif test_set[i] == prediction[i] and test_set[i] == -1.0: # True Negative\n",
    "            TN +=1 \n",
    "        elif test_set[i] != prediction[i] and test_set[i] == 1.0: # False Negative\n",
    "            FN +=1\n",
    "        elif test_set[i] != prediction[i] and test_set[i] == -1.0: # False Posetive\n",
    "            FP +=1\n",
    "    return TP, TN, FP, FN"
   ]
  },
  {
   "cell_type": "markdown",
   "metadata": {},
   "source": [
    "# Visualization"
   ]
  },
  {
   "cell_type": "code",
   "execution_count": 44,
   "metadata": {
    "collapsed": true
   },
   "outputs": [],
   "source": [
    "def visualize_metrics(train_data, test_data):\n",
    "    accuracy_, precision_, recall_, f1_measure_ = [], [], [], []\n",
    "    conf_mat = [[],[]]\n",
    "    for k in range(1,200,2):\n",
    "        test_labels_predicted = KNN(train_data, test_data, k)\n",
    "        accuracy = get_accuracy(test_data[:,20],test_labels_predicted)\n",
    "        precision = get_precision(test_data[:,20],test_labels_predicted)\n",
    "        recall = get_recall(test_data[:,20],test_labels_predicted)\n",
    "        f1_measure = get_Fmeasure(precision, recall)\n",
    "        TP, TN, FP, FN = get_confusion_mat(test_data[:,20], test_labels_predicted)\n",
    "        conf_mat[0] = [TP, FP]\n",
    "        conf_mat[1] = [FN, TN]\n",
    "        print \"\\n__ K = {}  ___ Confusion matrix = {}\" .format(k, conf_mat)\n",
    "        print \"\\nAccuracy: {}%\" .format(accuracy)\n",
    "        print \"Precision: {}%\" .format(precision)\n",
    "        print \"Recall: {}%\" .format(recall)\n",
    "        print \"F1_measure: {}%\" .format(f1_measure)\n",
    "        accuracy_.append(accuracy)\n",
    "        precision_.append(precision)\n",
    "        recall_.append(recall)\n",
    "        f1_measure_.append(f1_measure)\n",
    "    fig, ax = plt.subplots(1, figsize=(10,6))\n",
    "    ax.plot(range(1,200,2), accuracy_, c='#FFA500',label = \"accuracy\")\n",
    "    ax.plot(range(1,200,2), precision_, c='b',label = \"precision\")\n",
    "    ax.plot(range(1,200,2), recall_, c='c',label = \"recall\")\n",
    "    ax.plot(range(1,200,2), f1_measure_, c='r',label = \"f1_measure\")\n",
    "    plt.ylabel('Metrics%')\n",
    "    plt.xlabel('K')\n",
    "    plt.legend(loc='best', shadow=True)\n",
    "    plt.title('Metrics Evaluation using different values of K')\n",
    "    plt.show()\n",
    "    max_acc, max_pre, max_rec, max_f1 = max(accuracy_), max(precision_), max(recall_), max(f1_measure_)\n",
    "    print \"\\nMaximum Accuracy: {}  with k = {}\"  .format(max_acc, accuracy_.index(max_acc)*2+1)\n",
    "    print \"\\nMaximum Precision: {}  with k = {}\"  .format(max_pre, precision_.index(max_pre)*2+1)\n",
    "    print \"\\nMaximum Recall: {}  with k = {}\"  .format(max_rec, recall_.index(max_rec)*2+1)\n",
    "    print \"\\nMaximum F1 Measure: {}  with k = {}\"  .format(max_f1, f1_measure_.index(max_f1)*2+1)\n",
    "def visualize_error_rate(train_data, test_data):\n",
    "    test_error_rates = []\n",
    "    train_error_rates = []\n",
    "    for k in range(1,200,2):\n",
    "        test_labels_predicted = KNN(train_data, test_data, k)\n",
    "        test_error_rates.append(float((test_labels_predicted != test_data[:,20]).sum()) / test_labels_predicted.shape[0])\n",
    "        train_labels_predicted = KNN(train_data, train_data, k)\n",
    "        train_error_rates.append(float((train_labels_predicted != train_data[:,20]).sum()) / train_labels_predicted.shape[0])\n",
    "    fig, ax = plt.subplots(1, figsize=(10,6))    \n",
    "    ax.plot(range(1,200,2), train_error_rates, c='r',label = \"Train Error Rate\")\n",
    "    ax.plot(range(1,200,2), test_error_rates, c='b',label = \"test Error Rate\")\n",
    "    plt.ylabel('Error Rates')\n",
    "    plt.xlabel('K')\n",
    "    plt.legend(loc='best', shadow=True)\n",
    "    plt.title('Train and Test error rate over different values of K')\n",
    "    plt.show()\n",
    "    min_error = min(test_error_rates)\n",
    "    print \"\\nMinimum Test Error rate: {}  with k = {}\\n\"  .format(min_error, test_error_rates.index(min_error)*2+1)"
   ]
  },
  {
   "cell_type": "markdown",
   "metadata": {
    "colab_type": "text",
    "id": "T2dI3wADWSvh"
   },
   "source": [
    "# Main Function "
   ]
  },
  {
   "cell_type": "code",
   "execution_count": 46,
   "metadata": {
    "colab": {
     "autoexec": {
      "startup": false,
      "wait_interval": 0
     },
     "output_extras": [
      {}
     ]
    },
    "colab_type": "code",
    "id": "HP88Y_cvWSvi",
    "outputId": "e27d0b2d-80db-47f1-93e2-ebd93a1520ab",
    "scrolled": false
   },
   "outputs": [
    {
     "name": "stdout",
     "output_type": "stream",
     "text": [
      "____________________________________Learnt parameters of LDA______________________________\n",
      "\n",
      "Mu0=\n",
      "[ 1.27746695  1.2578455   1.28619515  1.29220047  1.24561031  1.27967428\n",
      "  1.2689333   1.32955749  1.25790099  1.28314412  1.25072978  1.27652658\n",
      "  1.26173218  1.26612629  1.25685482  1.30209322  1.26055791  1.28992743\n",
      "  1.23896141  1.23960763]\n",
      "Mu1=\n",
      "[ 2.01923032  2.04072949  2.03241233  2.00645701  2.02743077  2.03258773\n",
      "  2.05620192  2.02332699  2.0082138   1.98594544  1.9750355   2.06058526\n",
      "  2.03775182  1.99228914  2.04392202  2.00972211  2.03019466  2.03099777\n",
      "  2.05935527  2.00093327]\n",
      "Covariance=\n",
      "[[ 7.86771572  5.44986443  6.07583871  5.07032478  5.67375101  6.06138612\n",
      "   4.62105968  5.45575764  4.93504503  5.12154289  3.85854875  5.19721014\n",
      "   6.91757219  5.96552242  5.97744081  5.95400779  5.78691927  5.68078496\n",
      "   5.56103359  5.77105454]\n",
      " [ 5.44986443  6.69485372  5.27605633  4.24108843  5.35153445  5.4599997\n",
      "   4.32753567  3.92813278  4.12759425  4.88847293  3.26121456  4.59523961\n",
      "   5.74366892  5.03791715  5.33336158  5.14030633  5.57073735  5.02601148\n",
      "   5.28669098  5.11137024]\n",
      " [ 6.07583871  5.27605633  7.20190495  4.7020574   5.6674571   6.47245238\n",
      "   4.58849325  4.76836382  4.80331013  4.90767427  3.16147452  4.62720949\n",
      "   6.1188328   5.10216115  5.98229269  5.91249412  6.15803097  4.93345712\n",
      "   4.66099272  4.80460815]\n",
      " [ 5.07032478  4.24108843  4.7020574   5.60787331  5.07244407  4.36634074\n",
      "   3.63748195  4.37094622  3.29139378  4.13192315  2.64451938  4.10355947\n",
      "   5.66571459  4.7152489   4.63091139  5.01692858  4.54438914  4.52712068\n",
      "   3.84599618  5.53253445]\n",
      " [ 5.67375101  5.35153445  5.6674571   5.07244407  6.88515524  5.25862281\n",
      "   4.99322682  4.28813655  4.62395888  5.00697435  3.96544011  4.95984146\n",
      "   5.99712001  5.75561832  5.80932184  6.04888565  5.84119924  5.06293999\n",
      "   5.30347195  5.39544742]\n",
      " [ 6.06138612  5.4599997   6.47245238  4.36634074  5.25862281  6.60308311\n",
      "   4.41801498  4.82787948  4.67208557  5.1679789   2.8708301   4.76288221\n",
      "   6.15692658  4.87406393  5.65169986  5.87043166  5.84796747  4.91466241\n",
      "   4.70241282  4.94935672]\n",
      " [ 4.62105968  4.32753567  4.58849325  3.63748195  4.99322682  4.41801498\n",
      "   5.21198006  3.84410771  3.97674401  4.30609403  2.94800808  4.35473105\n",
      "   4.61904018  4.10077038  4.65714079  5.21179606  4.31826135  3.68067829\n",
      "   4.6062134   3.73032639]\n",
      " [ 5.45575764  3.92813278  4.76836382  4.37094622  4.28813655  4.82787948\n",
      "   3.84410771  6.07410248  3.54660456  4.88829589  2.49985195  4.8567407\n",
      "   6.10204423  5.21565601  4.81210534  6.16848339  4.50032695  4.98893964\n",
      "   4.81174847  4.41164041]\n",
      " [ 4.93504503  4.12759425  4.80331013  3.29139378  4.62395888  4.67208557\n",
      "   3.97674401  3.54660456  4.93338837  4.58459006  3.06886325  4.08080683\n",
      "   4.9511237   4.63184289  4.84261949  5.09427581  5.07713372  4.05517463\n",
      "   4.22647198  3.87858579]\n",
      " [ 5.12154289  4.88847293  4.90767427  4.13192315  5.00697435  5.1679789\n",
      "   4.30609403  4.88829589  4.58459006  6.97114187  3.19918445  4.68872815\n",
      "   6.6477398   5.13074278  4.86481032  5.89825972  4.66155432  5.22243872\n",
      "   4.4602562   5.0915718 ]\n",
      " [ 3.85854875  3.26121456  3.16147452  2.64451938  3.96544011  2.8708301\n",
      "   2.94800808  2.49985195  3.06886325  3.19918445  3.28115418  2.83976264\n",
      "   3.57232745  3.87305578  3.48489604  3.57537073  3.53866922  3.14291836\n",
      "   3.67047255  3.27137081]\n",
      " [ 5.19721014  4.59523961  4.62720949  4.10355947  4.95984146  4.76288221\n",
      "   4.35473105  4.8567407   4.08080683  4.68872815  2.83976264  5.27431178\n",
      "   5.91233019  5.01207239  4.72853563  5.51227987  5.04052205  4.88759091\n",
      "   5.03148541  4.34003459]\n",
      " [ 6.91757219  5.74366892  6.1188328   5.66571459  5.99712001  6.15692658\n",
      "   4.61904018  6.10204423  4.9511237   6.6477398   3.57232745  5.91233019\n",
      "   8.76418435  6.18632341  6.01222501  6.41821325  5.8351501   6.23461793\n",
      "   5.79634953  6.94433548]\n",
      " [ 5.96552242  5.03791715  5.10216115  4.7152489   5.75561832  4.87406393\n",
      "   4.10077038  5.21565601  4.63184289  5.13074278  3.87305578  5.01207239\n",
      "   6.18632341  6.97540342  5.80375052  6.23396673  5.66583445  5.65707256\n",
      "   5.90081156  5.30994888]\n",
      " [ 5.97744081  5.33336158  5.98229269  4.63091139  5.80932184  5.65169986\n",
      "   4.65714079  4.81210534  4.84261949  4.86481032  3.48489604  4.72853563\n",
      "   6.01222501  5.80375052  6.82523798  7.01378829  5.7197318   5.05124557\n",
      "   5.39669106  5.46287826]\n",
      " [ 5.95400779  5.14030633  5.91249412  5.01692858  6.04888565  5.87043166\n",
      "   5.21179606  6.16848339  5.09427581  5.89825972  3.57537073  5.51227987\n",
      "   6.41821325  6.23396673  7.01378829  9.16647368  5.80337772  5.89460123\n",
      "   5.5962431   5.66309249]\n",
      " [ 5.78691927  5.57073735  6.15803097  4.54438914  5.84119924  5.84796747\n",
      "   4.31826135  4.50032695  5.07713372  4.66155432  3.53866922  5.04052205\n",
      "   5.8351501   5.66583445  5.7197318   5.80337772  6.70891692  5.15883174\n",
      "   5.29952298  4.7014003 ]\n",
      " [ 5.68078496  5.02601148  4.93345712  4.52712068  5.06293999  4.91466241\n",
      "   3.68067829  4.98893964  4.05517463  5.22243872  3.14291836  4.88759091\n",
      "   6.23461793  5.65707256  5.05124557  5.89460123  5.15883174  5.96476943\n",
      "   4.84786406  4.98836962]\n",
      " [ 5.56103359  5.28669098  4.66099272  3.84599618  5.30347195  4.70241282\n",
      "   4.6062134   4.81174847  4.22647198  4.4602562   3.67047255  5.03148541\n",
      "   5.79634953  5.90081156  5.39669106  5.5962431   5.29952298  4.84786406\n",
      "   6.3632998   4.75086379]\n",
      " [ 5.77105454  5.11137024  4.80460815  5.53253445  5.39544742  4.94935672\n",
      "   3.73032639  4.41164041  3.87858579  5.0915718   3.27137081  4.34003459\n",
      "   6.94433548  5.30994888  5.46287826  5.66309249  4.7014003   4.98836962\n",
      "   4.75086379  7.53131236]]\n",
      "\n",
      "P_C1=0.5\n",
      "P_C2=0.5\n",
      "\n",
      "_______________________________ calculating w and w0_____________________________________\n",
      "\n",
      "W: \n",
      "[ 14.64145002  -8.52392152  -5.37229773  -2.94719458  -9.91895793\n",
      "  -4.42726887  16.89959558 -24.51944838 -29.21912896   9.22502624\n",
      " -13.26983097 -12.33639801  15.6656416   13.11921976  -6.09495386\n",
      "  13.52047951  29.36385577  -6.92800022  -0.39318757  -5.18474322]\n",
      "W0: \n",
      "27.5876128627\n",
      "\n",
      "________________________LDA prediction for known data points____________________________\n",
      "\n",
      "Sum of class_1 labels(Negative Class): \n",
      "-1806.0\n",
      "Sum of class_2 labels(Positive Class): \n",
      "1844.0\n",
      "___________________________________ classification__________________________________________\n",
      "\n",
      "_____________________________ Train Set Evaluation (LDA) ___________________________________\n",
      "\n",
      "Accuracy of train in LDA: \n",
      "95.75%\n",
      "_______________________________________Test Set Evaluation(LDA)______________________________\n",
      "\n",
      "Accuracy: 95.3333333333%\n",
      "\n",
      "Precision: 94.8844884488%\n",
      "\n",
      "Recall: 95.8333333333%\n",
      "\n",
      "F-measure: 95.3565505804%\n",
      "________________________________Test Set Evaluation KNN with K = 5____________________________\n",
      "\n",
      "Accuracy: 53.25%\n",
      "\n",
      "Precision: 53.1001589825%\n",
      "\n",
      "Recall: 55.6666666667%\n",
      "\n",
      "F-measure: 54.3531326282%\n",
      "\n",
      "________________________ classification Evaluation *** KNN *** with different K _____________\n",
      "\n",
      "________________________________________Visualization________________________________________\n",
      "\n",
      "\n",
      "__ K = 1  ___ Confusion matrix = [[326, 294], [274, 306]]\n",
      "\n",
      "Accuracy: 52.6666666667%\n",
      "Precision: 52.5806451613%\n",
      "Recall: 54.3333333333%\n",
      "F1_measure: 53.4426229508%\n",
      "\n",
      "__ K = 3  ___ Confusion matrix = [[322, 293], [278, 307]]\n",
      "\n",
      "Accuracy: 52.4166666667%\n",
      "Precision: 52.3577235772%\n",
      "Recall: 53.6666666667%\n",
      "F1_measure: 53.0041152263%\n",
      "\n",
      "__ K = 5  ___ Confusion matrix = [[334, 295], [266, 305]]\n",
      "\n",
      "Accuracy: 53.25%\n",
      "Precision: 53.1001589825%\n",
      "Recall: 55.6666666667%\n",
      "F1_measure: 54.3531326282%\n",
      "\n",
      "__ K = 7  ___ Confusion matrix = [[332, 290], [268, 310]]\n",
      "\n",
      "Accuracy: 53.5%\n",
      "Precision: 53.3762057878%\n",
      "Recall: 55.3333333333%\n",
      "F1_measure: 54.3371522095%\n",
      "\n",
      "__ K = 9  ___ Confusion matrix = [[334, 288], [266, 312]]\n",
      "\n",
      "Accuracy: 53.8333333333%\n",
      "Precision: 53.6977491961%\n",
      "Recall: 55.6666666667%\n",
      "F1_measure: 54.6644844517%\n",
      "\n",
      "__ K = 11  ___ Confusion matrix = [[342, 286], [258, 314]]\n",
      "\n",
      "Accuracy: 54.6666666667%\n",
      "Precision: 54.4585987261%\n",
      "Recall: 57.0%\n",
      "F1_measure: 55.7003257329%\n",
      "\n",
      "__ K = 13  ___ Confusion matrix = [[336, 290], [264, 310]]\n",
      "\n",
      "Accuracy: 53.8333333333%\n",
      "Precision: 53.6741214058%\n",
      "Recall: 56.0%\n",
      "F1_measure: 54.8123980424%\n",
      "\n",
      "__ K = 15  ___ Confusion matrix = [[333, 285], [267, 315]]\n",
      "\n",
      "Accuracy: 54.0%\n",
      "Precision: 53.8834951456%\n",
      "Recall: 55.5%\n",
      "F1_measure: 54.6798029557%\n"
     ]
    },
    {
     "name": "stdout",
     "output_type": "stream",
     "text": [
      "\n",
      "__ K = 17  ___ Confusion matrix = [[339, 289], [261, 311]]\n",
      "\n",
      "Accuracy: 54.1666666667%\n",
      "Precision: 53.9808917197%\n",
      "Recall: 56.5%\n",
      "F1_measure: 55.2117263844%\n",
      "\n",
      "__ K = 19  ___ Confusion matrix = [[337, 283], [263, 317]]\n",
      "\n",
      "Accuracy: 54.5%\n",
      "Precision: 54.3548387097%\n",
      "Recall: 56.1666666667%\n",
      "F1_measure: 55.2459016393%\n",
      "\n",
      "__ K = 21  ___ Confusion matrix = [[343, 284], [257, 316]]\n",
      "\n",
      "Accuracy: 54.9166666667%\n",
      "Precision: 54.7049441786%\n",
      "Recall: 57.1666666667%\n",
      "F1_measure: 55.9087204564%\n",
      "\n",
      "__ K = 23  ___ Confusion matrix = [[342, 285], [258, 315]]\n",
      "\n",
      "Accuracy: 54.75%\n",
      "Precision: 54.5454545455%\n",
      "Recall: 57.0%\n",
      "F1_measure: 55.7457212714%\n",
      "\n",
      "__ K = 25  ___ Confusion matrix = [[343, 276], [257, 324]]\n",
      "\n",
      "Accuracy: 55.5833333333%\n",
      "Precision: 55.4119547658%\n",
      "Recall: 57.1666666667%\n",
      "F1_measure: 56.275635767%\n",
      "\n",
      "__ K = 27  ___ Confusion matrix = [[357, 282], [243, 318]]\n",
      "\n",
      "Accuracy: 56.25%\n",
      "Precision: 55.8685446009%\n",
      "Recall: 59.5%\n",
      "F1_measure: 57.6271186441%\n",
      "\n",
      "__ K = 29  ___ Confusion matrix = [[356, 280], [244, 320]]\n",
      "\n",
      "Accuracy: 56.3333333333%\n",
      "Precision: 55.9748427673%\n",
      "Recall: 59.3333333333%\n",
      "F1_measure: 57.6051779935%\n",
      "\n",
      "__ K = 31  ___ Confusion matrix = [[349, 266], [251, 334]]\n",
      "\n",
      "Accuracy: 56.9166666667%\n",
      "Precision: 56.7479674797%\n",
      "Recall: 58.1666666667%\n",
      "F1_measure: 57.4485596708%\n",
      "\n",
      "__ K = 33  ___ Confusion matrix = [[359, 271], [241, 329]]\n",
      "\n",
      "Accuracy: 57.3333333333%\n",
      "Precision: 56.9841269841%\n",
      "Recall: 59.8333333333%\n",
      "F1_measure: 58.3739837398%\n",
      "\n",
      "__ K = 35  ___ Confusion matrix = [[358, 270], [242, 330]]\n",
      "\n",
      "Accuracy: 57.3333333333%\n",
      "Precision: 57.0063694268%\n",
      "Recall: 59.6666666667%\n",
      "F1_measure: 58.3061889251%\n",
      "\n",
      "__ K = 37  ___ Confusion matrix = [[360, 268], [240, 332]]\n",
      "\n",
      "Accuracy: 57.6666666667%\n",
      "Precision: 57.3248407643%\n",
      "Recall: 60.0%\n",
      "F1_measure: 58.6319218241%\n",
      "\n",
      "__ K = 39  ___ Confusion matrix = [[358, 263], [242, 337]]\n",
      "\n",
      "Accuracy: 57.9166666667%\n",
      "Precision: 57.6489533011%\n",
      "Recall: 59.6666666667%\n",
      "F1_measure: 58.6404586405%\n",
      "\n",
      "__ K = 41  ___ Confusion matrix = [[358, 259], [242, 341]]\n",
      "\n",
      "Accuracy: 58.25%\n",
      "Precision: 58.0226904376%\n",
      "Recall: 59.6666666667%\n",
      "F1_measure: 58.8331963846%\n",
      "\n",
      "__ K = 43  ___ Confusion matrix = [[364, 266], [236, 334]]\n",
      "\n",
      "Accuracy: 58.1666666667%\n",
      "Precision: 57.7777777778%\n",
      "Recall: 60.6666666667%\n",
      "F1_measure: 59.1869918699%\n",
      "\n",
      "__ K = 45  ___ Confusion matrix = [[362, 261], [238, 339]]\n",
      "\n",
      "Accuracy: 58.4166666667%\n",
      "Precision: 58.1059390048%\n",
      "Recall: 60.3333333333%\n",
      "F1_measure: 59.1986917416%\n",
      "\n",
      "__ K = 47  ___ Confusion matrix = [[362, 259], [238, 341]]\n",
      "\n",
      "Accuracy: 58.5833333333%\n",
      "Precision: 58.2930756844%\n",
      "Recall: 60.3333333333%\n",
      "F1_measure: 59.2956592957%\n",
      "\n",
      "__ K = 49  ___ Confusion matrix = [[358, 261], [242, 339]]\n",
      "\n",
      "Accuracy: 58.0833333333%\n",
      "Precision: 57.8352180937%\n",
      "Recall: 59.6666666667%\n",
      "F1_measure: 58.7366694011%\n",
      "\n",
      "__ K = 51  ___ Confusion matrix = [[369, 271], [231, 329]]\n",
      "\n",
      "Accuracy: 58.1666666667%\n",
      "Precision: 57.65625%\n",
      "Recall: 61.5%\n",
      "F1_measure: 59.5161290323%\n",
      "\n",
      "__ K = 53  ___ Confusion matrix = [[364, 266], [236, 334]]\n",
      "\n",
      "Accuracy: 58.1666666667%\n",
      "Precision: 57.7777777778%\n",
      "Recall: 60.6666666667%\n",
      "F1_measure: 59.1869918699%\n",
      "\n",
      "__ K = 55  ___ Confusion matrix = [[366, 267], [234, 333]]\n",
      "\n",
      "Accuracy: 58.25%\n",
      "Precision: 57.8199052133%\n",
      "Recall: 61.0%\n",
      "F1_measure: 59.3673965937%\n",
      "\n",
      "__ K = 57  ___ Confusion matrix = [[364, 274], [236, 326]]\n",
      "\n",
      "Accuracy: 57.5%\n",
      "Precision: 57.0532915361%\n",
      "Recall: 60.6666666667%\n",
      "F1_measure: 58.8045234249%\n",
      "\n",
      "__ K = 59  ___ Confusion matrix = [[359, 269], [241, 331]]\n",
      "\n",
      "Accuracy: 57.5%\n",
      "Precision: 57.1656050955%\n",
      "Recall: 59.8333333333%\n",
      "F1_measure: 58.4690553746%\n",
      "\n",
      "__ K = 61  ___ Confusion matrix = [[366, 272], [234, 328]]\n",
      "\n",
      "Accuracy: 57.8333333333%\n",
      "Precision: 57.3667711599%\n",
      "Recall: 61.0%\n",
      "F1_measure: 59.1276252019%\n",
      "\n",
      "__ K = 63  ___ Confusion matrix = [[370, 283], [230, 317]]\n",
      "\n",
      "Accuracy: 57.25%\n",
      "Precision: 56.6615620214%\n",
      "Recall: 61.6666666667%\n",
      "F1_measure: 59.0582601756%\n",
      "\n",
      "__ K = 65  ___ Confusion matrix = [[368, 281], [232, 319]]\n",
      "\n",
      "Accuracy: 57.25%\n",
      "Precision: 56.7026194145%\n",
      "Recall: 61.3333333333%\n",
      "F1_measure: 58.9271417134%\n",
      "\n",
      "__ K = 67  ___ Confusion matrix = [[362, 278], [238, 322]]\n",
      "\n",
      "Accuracy: 57.0%\n",
      "Precision: 56.5625%\n",
      "Recall: 60.3333333333%\n",
      "F1_measure: 58.3870967742%\n",
      "\n",
      "__ K = 69  ___ Confusion matrix = [[362, 273], [238, 327]]\n",
      "\n",
      "Accuracy: 57.4166666667%\n",
      "Precision: 57.0078740157%\n",
      "Recall: 60.3333333333%\n",
      "F1_measure: 58.6234817814%\n",
      "\n",
      "__ K = 71  ___ Confusion matrix = [[360, 272], [240, 328]]\n",
      "\n",
      "Accuracy: 57.3333333333%\n",
      "Precision: 56.9620253165%\n",
      "Recall: 60.0%\n",
      "F1_measure: 58.4415584416%\n",
      "\n",
      "__ K = 73  ___ Confusion matrix = [[361, 267], [239, 333]]\n",
      "\n",
      "Accuracy: 57.8333333333%\n",
      "Precision: 57.4840764331%\n",
      "Recall: 60.1666666667%\n",
      "F1_measure: 58.7947882736%\n",
      "\n",
      "__ K = 75  ___ Confusion matrix = [[352, 274], [248, 326]]\n",
      "\n",
      "Accuracy: 56.5%\n",
      "Precision: 56.2300319489%\n",
      "Recall: 58.6666666667%\n",
      "F1_measure: 57.4225122349%\n",
      "\n",
      "__ K = 77  ___ Confusion matrix = [[351, 274], [249, 326]]\n",
      "\n",
      "Accuracy: 56.4166666667%\n",
      "Precision: 56.16%\n",
      "Recall: 58.5%\n",
      "F1_measure: 57.306122449%\n",
      "\n",
      "__ K = 79  ___ Confusion matrix = [[357, 272], [243, 328]]\n",
      "\n",
      "Accuracy: 57.0833333333%\n",
      "Precision: 56.7567567568%\n",
      "Recall: 59.5%\n",
      "F1_measure: 58.0960130187%\n",
      "\n",
      "__ K = 81  ___ Confusion matrix = [[359, 274], [241, 326]]\n",
      "\n",
      "Accuracy: 57.0833333333%\n",
      "Precision: 56.7140600316%\n",
      "Recall: 59.8333333333%\n",
      "F1_measure: 58.2319545823%\n",
      "\n",
      "__ K = 83  ___ Confusion matrix = [[353, 277], [247, 323]]\n",
      "\n",
      "Accuracy: 56.3333333333%\n",
      "Precision: 56.0317460317%\n",
      "Recall: 58.8333333333%\n",
      "F1_measure: 57.3983739837%\n",
      "\n",
      "__ K = 85  ___ Confusion matrix = [[353, 276], [247, 324]]\n",
      "\n",
      "Accuracy: 56.4166666667%\n",
      "Precision: 56.1208267091%\n",
      "Recall: 58.8333333333%\n",
      "F1_measure: 57.4450772986%\n",
      "\n",
      "__ K = 87  ___ Confusion matrix = [[360, 273], [240, 327]]\n",
      "\n",
      "Accuracy: 57.25%\n",
      "Precision: 56.8720379147%\n",
      "Recall: 60.0%\n",
      "F1_measure: 58.3941605839%\n",
      "\n",
      "__ K = 89  ___ Confusion matrix = [[362, 268], [238, 332]]\n",
      "\n",
      "Accuracy: 57.8333333333%\n",
      "Precision: 57.4603174603%\n",
      "Recall: 60.3333333333%\n",
      "F1_measure: 58.8617886179%\n",
      "\n",
      "__ K = 91  ___ Confusion matrix = [[366, 271], [234, 329]]\n",
      "\n",
      "Accuracy: 57.9166666667%\n",
      "Precision: 57.4568288854%\n",
      "Recall: 61.0%\n",
      "F1_measure: 59.1754244139%\n",
      "\n",
      "__ K = 93  ___ Confusion matrix = [[362, 269], [238, 331]]\n",
      "\n",
      "Accuracy: 57.75%\n",
      "Precision: 57.3692551506%\n",
      "Recall: 60.3333333333%\n",
      "F1_measure: 58.8139723802%\n",
      "\n",
      "__ K = 95  ___ Confusion matrix = [[359, 270], [241, 330]]\n",
      "\n",
      "Accuracy: 57.4166666667%\n",
      "Precision: 57.0747217806%\n",
      "Recall: 59.8333333333%\n",
      "F1_measure: 58.4214808788%\n",
      "\n",
      "__ K = 97  ___ Confusion matrix = [[367, 271], [233, 329]]\n",
      "\n",
      "Accuracy: 58.0%\n",
      "Precision: 57.5235109718%\n",
      "Recall: 61.1666666667%\n",
      "F1_measure: 59.2891760905%\n",
      "\n",
      "__ K = 99  ___ Confusion matrix = [[367, 271], [233, 329]]\n",
      "\n",
      "Accuracy: 58.0%\n",
      "Precision: 57.5235109718%\n",
      "Recall: 61.1666666667%\n",
      "F1_measure: 59.2891760905%\n",
      "\n",
      "__ K = 101  ___ Confusion matrix = [[365, 275], [235, 325]]\n",
      "\n",
      "Accuracy: 57.5%\n",
      "Precision: 57.03125%\n",
      "Recall: 60.8333333333%\n",
      "F1_measure: 58.8709677419%\n",
      "\n",
      "__ K = 103  ___ Confusion matrix = [[361, 275], [239, 325]]\n",
      "\n",
      "Accuracy: 57.1666666667%\n",
      "Precision: 56.7610062893%\n",
      "Recall: 60.1666666667%\n",
      "F1_measure: 58.4142394822%\n",
      "\n",
      "__ K = 105  ___ Confusion matrix = [[363, 276], [237, 324]]\n",
      "\n",
      "Accuracy: 57.25%\n",
      "Precision: 56.8075117371%\n",
      "Recall: 60.5%\n",
      "F1_measure: 58.5956416465%\n",
      "\n",
      "__ K = 107  ___ Confusion matrix = [[365, 280], [235, 320]]\n",
      "\n",
      "Accuracy: 57.0833333333%\n",
      "Precision: 56.5891472868%\n",
      "Recall: 60.8333333333%\n",
      "F1_measure: 58.6345381526%\n",
      "\n",
      "__ K = 109  ___ Confusion matrix = [[364, 278], [236, 322]]\n",
      "\n",
      "Accuracy: 57.1666666667%\n",
      "Precision: 56.6978193146%\n",
      "Recall: 60.6666666667%\n",
      "F1_measure: 58.615136876%\n",
      "\n",
      "__ K = 111  ___ Confusion matrix = [[366, 275], [234, 325]]\n",
      "\n",
      "Accuracy: 57.5833333333%\n",
      "Precision: 57.0982839314%\n",
      "Recall: 61.0%\n",
      "F1_measure: 58.9846897663%\n",
      "\n",
      "__ K = 113  ___ Confusion matrix = [[371, 277], [229, 323]]\n",
      "\n",
      "Accuracy: 57.8333333333%\n",
      "Precision: 57.2530864198%\n",
      "Recall: 61.8333333333%\n",
      "F1_measure: 59.4551282051%\n",
      "\n",
      "__ K = 115  ___ Confusion matrix = [[372, 278], [228, 322]]\n",
      "\n",
      "Accuracy: 57.8333333333%\n",
      "Precision: 57.2307692308%\n",
      "Recall: 62.0%\n",
      "F1_measure: 59.52%\n",
      "\n",
      "__ K = 117  ___ Confusion matrix = [[371, 280], [229, 320]]\n",
      "\n",
      "Accuracy: 57.5833333333%\n",
      "Precision: 56.9892473118%\n",
      "Recall: 61.8333333333%\n",
      "F1_measure: 59.31254996%\n",
      "\n",
      "__ K = 119  ___ Confusion matrix = [[362, 287], [238, 313]]\n",
      "\n",
      "Accuracy: 56.25%\n",
      "Precision: 55.7781201849%\n",
      "Recall: 60.3333333333%\n",
      "F1_measure: 57.9663730985%\n",
      "\n",
      "__ K = 121  ___ Confusion matrix = [[363, 284], [237, 316]]\n",
      "\n",
      "Accuracy: 56.5833333333%\n",
      "Precision: 56.1051004637%\n",
      "Recall: 60.5%\n",
      "F1_measure: 58.2197273456%\n"
     ]
    },
    {
     "name": "stdout",
     "output_type": "stream",
     "text": [
      "\n",
      "__ K = 123  ___ Confusion matrix = [[361, 280], [239, 320]]\n",
      "\n",
      "Accuracy: 56.75%\n",
      "Precision: 56.3182527301%\n",
      "Recall: 60.1666666667%\n",
      "F1_measure: 58.1788879936%\n",
      "\n",
      "__ K = 125  ___ Confusion matrix = [[364, 285], [236, 315]]\n",
      "\n",
      "Accuracy: 56.5833333333%\n",
      "Precision: 56.0862865948%\n",
      "Recall: 60.6666666667%\n",
      "F1_measure: 58.2866293034%\n",
      "\n",
      "__ K = 127  ___ Confusion matrix = [[361, 281], [239, 319]]\n",
      "\n",
      "Accuracy: 56.6666666667%\n",
      "Precision: 56.230529595%\n",
      "Recall: 60.1666666667%\n",
      "F1_measure: 58.1320450886%\n",
      "\n",
      "__ K = 129  ___ Confusion matrix = [[358, 283], [242, 317]]\n",
      "\n",
      "Accuracy: 56.25%\n",
      "Precision: 55.8502340094%\n",
      "Recall: 59.6666666667%\n",
      "F1_measure: 57.6954069299%\n",
      "\n",
      "__ K = 131  ___ Confusion matrix = [[360, 281], [240, 319]]\n",
      "\n",
      "Accuracy: 56.5833333333%\n",
      "Precision: 56.1622464899%\n",
      "Recall: 60.0%\n",
      "F1_measure: 58.017727639%\n",
      "\n",
      "__ K = 133  ___ Confusion matrix = [[361, 282], [239, 318]]\n",
      "\n",
      "Accuracy: 56.5833333333%\n",
      "Precision: 56.1430793157%\n",
      "Recall: 60.1666666667%\n",
      "F1_measure: 58.0852775543%\n",
      "\n",
      "__ K = 135  ___ Confusion matrix = [[362, 286], [238, 314]]\n",
      "\n",
      "Accuracy: 56.3333333333%\n",
      "Precision: 55.8641975309%\n",
      "Recall: 60.3333333333%\n",
      "F1_measure: 58.0128205128%\n",
      "\n",
      "__ K = 137  ___ Confusion matrix = [[364, 286], [236, 314]]\n",
      "\n",
      "Accuracy: 56.5%\n",
      "Precision: 56.0%\n",
      "Recall: 60.6666666667%\n",
      "F1_measure: 58.24%\n",
      "\n",
      "__ K = 139  ___ Confusion matrix = [[366, 289], [234, 311]]\n",
      "\n",
      "Accuracy: 56.4166666667%\n",
      "Precision: 55.8778625954%\n",
      "Recall: 61.0%\n",
      "F1_measure: 58.3266932271%\n",
      "\n",
      "__ K = 141  ___ Confusion matrix = [[366, 292], [234, 308]]\n",
      "\n",
      "Accuracy: 56.1666666667%\n",
      "Precision: 55.623100304%\n",
      "Recall: 61.0%\n",
      "F1_measure: 58.1875993641%\n",
      "\n",
      "__ K = 143  ___ Confusion matrix = [[368, 288], [232, 312]]\n",
      "\n",
      "Accuracy: 56.6666666667%\n",
      "Precision: 56.0975609756%\n",
      "Recall: 61.3333333333%\n",
      "F1_measure: 58.5987261146%\n",
      "\n",
      "__ K = 145  ___ Confusion matrix = [[367, 288], [233, 312]]\n",
      "\n",
      "Accuracy: 56.5833333333%\n",
      "Precision: 56.0305343511%\n",
      "Recall: 61.1666666667%\n",
      "F1_measure: 58.4860557769%\n",
      "\n",
      "__ K = 147  ___ Confusion matrix = [[366, 290], [234, 310]]\n",
      "\n",
      "Accuracy: 56.3333333333%\n",
      "Precision: 55.7926829268%\n",
      "Recall: 61.0%\n",
      "F1_measure: 58.2802547771%\n",
      "\n",
      "__ K = 149  ___ Confusion matrix = [[366, 293], [234, 307]]\n",
      "\n",
      "Accuracy: 56.0833333333%\n",
      "Precision: 55.5386949924%\n",
      "Recall: 61.0%\n",
      "F1_measure: 58.1413820492%\n",
      "\n",
      "__ K = 151  ___ Confusion matrix = [[367, 294], [233, 306]]\n",
      "\n",
      "Accuracy: 56.0833333333%\n",
      "Precision: 55.5219364599%\n",
      "Recall: 61.1666666667%\n",
      "F1_measure: 58.2077716098%\n",
      "\n",
      "__ K = 153  ___ Confusion matrix = [[367, 291], [233, 309]]\n",
      "\n",
      "Accuracy: 56.3333333333%\n",
      "Precision: 55.7750759878%\n",
      "Recall: 61.1666666667%\n",
      "F1_measure: 58.346581876%\n",
      "\n",
      "__ K = 155  ___ Confusion matrix = [[366, 293], [234, 307]]\n",
      "\n",
      "Accuracy: 56.0833333333%\n",
      "Precision: 55.5386949924%\n",
      "Recall: 61.0%\n",
      "F1_measure: 58.1413820492%\n",
      "\n",
      "__ K = 157  ___ Confusion matrix = [[367, 290], [233, 310]]\n",
      "\n",
      "Accuracy: 56.4166666667%\n",
      "Precision: 55.8599695586%\n",
      "Recall: 61.1666666667%\n",
      "F1_measure: 58.3929992045%\n",
      "\n",
      "__ K = 159  ___ Confusion matrix = [[365, 293], [235, 307]]\n",
      "\n",
      "Accuracy: 56.0%\n",
      "Precision: 55.4711246201%\n",
      "Recall: 60.8333333333%\n",
      "F1_measure: 58.0286168521%\n",
      "\n",
      "__ K = 161  ___ Confusion matrix = [[364, 295], [236, 305]]\n",
      "\n",
      "Accuracy: 55.75%\n",
      "Precision: 55.2352048558%\n",
      "Recall: 60.6666666667%\n",
      "F1_measure: 57.823669579%\n",
      "\n",
      "__ K = 163  ___ Confusion matrix = [[367, 296], [233, 304]]\n",
      "\n",
      "Accuracy: 55.9166666667%\n",
      "Precision: 55.3544494721%\n",
      "Recall: 61.1666666667%\n",
      "F1_measure: 58.1155977831%\n",
      "\n",
