{
 "cells": [
  {
   "cell_type": "markdown",
   "metadata": {},
   "source": [
    "# Mandana Samiei\n",
    "Student ID: 260779555"
   ]
  },
  {
   "cell_type": "markdown",
   "metadata": {},
   "source": [
    "# Q4, Q5 and Q6  (Mixure of 3 Guassians)"
   ]
  },
  {
   "cell_type": "markdown",
   "metadata": {},
   "source": [
    "# Load Data"
   ]
  },
  {
   "cell_type": "code",
   "execution_count": 1,
   "metadata": {
    "collapsed": true
   },
   "outputs": [],
   "source": [
    "import numpy as np \n",
    "from numpy import genfromtxt\n",
    "import matplotlib\n",
    "import matplotlib.pyplot as plt\n",
    "import csv\n",
    "import math\n",
    "from numpy.linalg import inv\n",
    "%matplotlib inline  \n",
    "\n",
    "def load_mean(file_name):\n",
    "    my_data = genfromtxt(file_name, delimiter=',')\n",
    "    mean = my_data[:20]\n",
    "    return mean\n",
    "def load_cov(file_name):\n",
    "    my_data = genfromtxt(file_name, delimiter = ',')\n",
    "    cov = my_data[:,:20]\n",
    "    return cov\n",
    "def load_data(file_name):\n",
    "    my_data = genfromtxt(file_name, delimiter = ',')\n",
    "    return my_data"
   ]
  },
  {
   "cell_type": "markdown",
   "metadata": {},
   "source": [
    "# Data Manipulation"
   ]
  },
  {
   "cell_type": "code",
   "execution_count": 2,
   "metadata": {
    "collapsed": true
   },
   "outputs": [],
   "source": [
    "def generate_data(c1_m1, c1_m2, c1_m3, cov1, cov2, cov3 ,num=2000): \n",
    "    cat_cmp_num = np.random.multinomial(num, [0.10, 0.42, 0.48]) # Categorical Components numbers   \n",
    "    x1 = np.random.multivariate_normal(c1_m1,cov1,cat_cmp_num[0]) \n",
    "    x2 = np.random.multivariate_normal(c1_m2,cov2,cat_cmp_num[1])  \n",
    "    x3 = np.random.multivariate_normal(c1_m3,cov3,cat_cmp_num[2]) \n",
    "    c_x = np.append(np.append(x1, x2, axis=0),x3, axis=0)\n",
    "    return c_x\n",
    "def divide_data(d0,d1):\n",
    "    rand_num0 =  np.random.permutation(d0.shape[0])\n",
    "    test_0 = d0[rand_num0[:600]]\n",
    "    train_0 = d0[rand_num0[600:]]\n",
    "    rand_num1 =  np.random.permutation(d1.shape[0])\n",
    "    test_1 = d1[rand_num1[:600]]\n",
    "    train_1 = d1[rand_num1[600:]]\n",
    "    test_data = np.concatenate((test_0,test_1),axis=0)\n",
    "    train_data = np.concatenate((train_0,train_1),axis=0) \n",
    "    return test_data, train_data\n",
    "def shuffle_data(x):\n",
    "    np.random.shuffle(x)\n",
    "    return x\n",
    "def label_data(x0,x1): # add -1 as a label for negative classes and +1 as label for poseive classes \n",
    "    y0 = np.zeros((2000,1))\n",
    "    y1 = np.ones((2000,1))\n",
    "    d0 = np.concatenate((x0,(y0-1)),axis=1) #2000*21\n",
    "    d1 = np.concatenate((x1,y1),axis=1)\n",
    "    return d0,d1"
   ]
  },
  {
   "cell_type": "markdown",
   "metadata": {},
   "source": [
    "# Save Data in file"
   ]
  },
  {
   "cell_type": "code",
   "execution_count": 3,
   "metadata": {
    "collapsed": true
   },
   "outputs": [],
   "source": [
    "def save_data(train, test):\n",
    "    np.savetxt(\"DS2.csv\" , test, fmt='%15s', delimiter=',')\n",
    "    np.savetxt(\"DS2_train.csv\", train, fmt='%15s', delimiter=',') "
   ]
  },
  {
   "cell_type": "markdown",
   "metadata": {},
   "source": [
    "# Linear discriminant Analysis (LDA)"
   ]
  },
  {
   "cell_type": "code",
   "execution_count": 4,
   "metadata": {
    "collapsed": true
   },
   "outputs": [],
   "source": [
    "def LDA_parameters(x_c1, x_c2):\n",
    "    N1 = x_c1.shape[0] # Number of Negative examples\n",
    "    N2 = x_c2.shape[0] # Number of Posetive examples\n",
    "    total_samples = N1 + N2\n",
    "    # Learn P(c1) and P(c2)\n",
    "    p_c1  = float(N1)/total_samples#fraction of points in c1 over total number of points \n",
    "    p_c2  = float(N2)/total_samples#fraction of points in c2 over total number of points\n",
    "    # Learn Mu1 and Mu2\n",
    "    Mu1 = x_c1[:,:].mean(axis=0)\n",
    "    Mu2 = x_c2[:,:].mean(axis=0)\n",
    "    # learn covariance\n",
    "    S1 = np.dot((x_c1[:,:] - Mu1).T,(x_c1[:,:] - Mu1))/N1\n",
    "    S2 = np.dot(((x_c2[:,:] - Mu2).T),(x_c2[:,:] - Mu2))/N2\n",
    "    cov = p_c1*S1 + p_c2*S2\n",
    "    return Mu1, Mu2, cov, p_c1, p_c2\n",
    "def LDA_model(mu1, mu2, cov, p_c1, p_c2):\n",
    "    b = inv(cov)\n",
    "    w = np.dot(b,(mu1-mu2))\n",
    "    w0 = -(np.dot((mu1.T),np.dot(b,mu1)))/2. + (np.dot((mu2.T),np.dot(b,mu2)))/2. + np.log(p_c1/float(p_c2))\n",
    "    return w,w0\n",
    "def LDA_prediction(w,w0,x):\n",
    "    a = np.dot(x,(w.T)) + w0 \n",
    "    y = 1./ (1. + np.exp(-a)) # y = sigmoid(a)\n",
    "    for i in range(y.shape[0]):\n",
    "        if y[i] > 0.5:\n",
    "            y[i] = 1.0\n",
    "        else: \n",
    "            y[i] = -1.0\n",
    "    return y"
   ]
  },
  {
   "cell_type": "markdown",
   "metadata": {},
   "source": [
    "# KNN Algorithm "
   ]
  },
  {
   "cell_type": "code",
   "execution_count": 5,
   "metadata": {
    "collapsed": true
   },
   "outputs": [],
   "source": [
    "def KNN(train_set, test_set, k):\n",
    "    labels = np.zeros(test_set.shape[0])\n",
    "    for i in range(test_set.shape[0]):\n",
    "        distances = np.linalg.norm(train_set[:,:20] - test_set[i,:20][None,:],axis=1)\n",
    "        neighbours = distances.argsort()[:k]\n",
    "        if train_set[neighbours,20].sum() > 0.0:\n",
    "            labels[i] = +1\n",
    "        else:\n",
    "            labels[i] = -1\n",
    "    return labels"
   ]
  },
  {
   "cell_type": "markdown",
   "metadata": {},
   "source": [
    "# Evaluation Metrics"
   ]
  },
  {
   "cell_type": "code",
   "execution_count": 6,
   "metadata": {
    "collapsed": true
   },
   "outputs": [],
   "source": [
    "def get_accuracy(test_set, prediction):\n",
    "    correct = 0\n",
    "    for i in range(test_set.shape[0]):\n",
    "        if (test_set[i] == prediction[i]):\n",
    "            correct += 1;\n",
    "    accuracy = (correct / float(test_set.shape[0]))* 100.0\n",
    "    return accuracy\n",
    "def get_precision(test_set, prediction):\n",
    "    TP,_,FP,_ = get_confusion_mat(test_set, prediction)\n",
    "    precision = float(TP) / (TP+FP)\n",
    "    return precision* 100.0\n",
    "def get_recall(test_set, prediction):\n",
    "    TP,_,_,FN = get_confusion_mat(test_set, prediction)\n",
    "    recall = float(TP) / (TP+FN)\n",
    "    return recall* 100.0\n",
    "def get_Fmeasure(pr, rc):\n",
    "    return 2*(pr*rc)/float(pr+rc)\n",
    "def get_confusion_mat(test_set, prediction):\n",
    "    TP, TN, FN, FP = 0, 0, 0, 0\n",
    "    for i in range(test_set.shape[0]):\n",
    "        if test_set[i] == prediction[i] and prediction[i] == 1.0: # True Posetive\n",
    "            TP +=1\n",
    "        elif test_set[i] == prediction[i] and prediction[i] == -1.0: # True Negative\n",
    "            TN +=1 \n",
    "        elif test_set[i] != prediction[i] and prediction[i] == -1.0: # False Negative\n",
    "            FN +=1\n",
    "        elif test_set[i] != prediction[i] and prediction[i] == 1.0: # False Posetive\n",
    "            FP +=1\n",
    "    return TP, TN, FP, FN"
   ]
  },
  {
   "cell_type": "markdown",
   "metadata": {},
   "source": [
    "\n",
    "# Visualization"
   ]
  },
  {
   "cell_type": "code",
   "execution_count": 12,
   "metadata": {},
   "outputs": [],
   "source": [
    "def visualize_metrics(train_data, test_data):\n",
    "    accuracy_, precision_, recall_, f1_measure_ = [], [], [], []\n",
    "    conf_mat = [[],[]]\n",
    "    for k in range(1,200,2):\n",
    "        test_labels_predicted = KNN(train_data, test_data, k)\n",
    "        accuracy = get_accuracy(test_data[:,20],test_labels_predicted)\n",
    "        precision = get_precision(test_data[:,20],test_labels_predicted)\n",
    "        recall = get_recall(test_data[:,20],test_labels_predicted)\n",
    "        f1_measure = get_Fmeasure(precision, recall)\n",
    "        TP, TN, FP, FN = get_confusion_mat(test_data[:,20], test_labels_predicted)\n",
    "        conf_mat[0] = [TP, FP]\n",
    "        conf_mat[1] = [FN, TN]\n",
    "        print \"\\n__ K = {}  ___ Confusion matrix = {}\" .format(k, conf_mat)\n",
    "        print \"\\nAccuracy: {}%\" .format(accuracy)\n",
    "        print \"Precision: {}%\" .format(precision)\n",
    "        print \"Recall: {}%\" .format(recall)\n",
    "        print \"F1_measure: {}%\" .format(f1_measure)\n",
    "        accuracy_.append(accuracy)\n",
    "        precision_.append(precision)\n",
    "        recall_.append(recall)\n",
    "        f1_measure_.append(f1_measure)\n",
    "    fig, ax = plt.subplots(1, figsize=(10,6))\n",
    "    plt.plot(range(1,200,2), accuracy_, c='#FFA500',label = \"accuracy\")\n",
    "    plt.plot(range(1,200,2), precision_, c='b',label = \"precision\")\n",
    "    plt.plot(range(1,200,2), recall_, c='c',label = \"recall\")\n",
    "    plt.plot(range(1,200,2), f1_measure_, c='r',label = \"f1_measure\")\n",
    "    plt.ylabel('Metrics %')\n",
    "    plt.xlabel('K')\n",
    "    plt.legend(loc='best', shadow=True)\n",
    "    plt.title('Metrics Evaluation using different values of K')\n",
    "    plt.show()\n",
    "    max_acc, max_pre, max_rec, max_f1 = max(accuracy_), max(precision_), max(recall_), max(f1_measure_)\n",
    "    print \"\\nMaximum Accuracy: {}  with k = {}\"  .format(max_acc, accuracy_.index(max_acc)*2+1)\n",
    "    print \"\\nMaximum Precision: {}  with k = {}\"  .format(max_pre, precision_.index(max_pre)*2+1)\n",
    "    print \"\\nMaximum Recall: {}  with k = {}\"  .format(max_rec, recall_.index(max_rec)*2+1)\n",
    "    print \"\\nMaximum F1 Measure: {}  with k = {}\"  .format(max_f1, f1_measure_.index(max_f1)*2+1)\n",
    "def visualize_error_rate(train_data, test_data):\n",
    "    test_error_rates = []\n",
    "    train_error_rates = []\n",
    "    for k in range(1,200,2):\n",
    "        test_labels_predicted = KNN(train_data, test_data, k)\n",
    "        test_error_rates.append(float((test_labels_predicted != test_data[:,20]).sum()) / test_labels_predicted.shape[0])\n",
    "        train_labels_predicted = KNN(train_data, train_data, k)\n",
    "        train_error_rates.append(float((train_labels_predicted != train_data[:,20]).sum()) / train_labels_predicted.shape[0])\n",
    "    fig, ax = plt.subplots(1, figsize=(10,6))    \n",
    "    ax.plot(range(1,200,2), train_error_rates, c='r',label = \"Train Error Rate\")\n",
    "    ax.plot(range(1,200,2), test_error_rates, c='b',label = \"test Error Rate\")\n",
    "    plt.ylabel('Error Rates')\n",
    "    plt.xlabel('K')\n",
    "    plt.legend(loc='best', shadow=True)\n",
    "    plt.title('Train and Test error rate over different values of K')\n",
    "    plt.show()\n",
    "    min_error = min(test_error_rates)\n",
    "    print \"\\nMinimum Test Error rate: {}  with k = {}\\n\"  .format(min_error, test_error_rates.index(min_error)*2+1)\n",
    "    "
   ]
  },
  {
   "cell_type": "markdown",
   "metadata": {},
   "source": [
    "Main Function"
   ]
  },
  {
   "cell_type": "code",
   "execution_count": 13,
   "metadata": {
    "scrolled": false
   },
   "outputs": [
    {
     "name": "stdout",
     "output_type": "stream",
     "text": [
      "_____________________________ calculating LDA parameters________________________________\n",
      "Mu1 = \n",
      "[ 1.01786495  1.05411409  1.02142793  1.01212929  1.00765915  1.03213929\n",
      "  1.02684248  1.04021126  0.99994681  1.00003177  0.98940491  1.05475403\n",
      "  0.9957439   1.0616549   1.02401207  1.04682872  1.08595201  1.01774778\n",
      "  0.99453334  1.10056015]\n",
      "Mu2 = \n",
      "[ 1.17945095  1.22035529  1.18820594  1.21071647  1.21525255  1.21448164\n",
      "  1.19642934  1.15435364  1.19161321  1.22548902  1.20413989  1.1856153\n",
      "  1.18598249  1.13774618  1.14466351  1.1849598   1.1428134   1.17115485\n",
      "  1.24648184  1.17760349]\n",
      "Covariance = \n",
      "[[ 7.7389643   5.40098303  4.6039267   5.0189307   4.2716914   5.63367952\n",
      "   5.85180602  5.63660494  4.67436959  5.17411766  5.47618529  4.83598569\n",
      "   5.01539254  6.04547914  5.21896058  5.64388466  5.29251983  5.4836747\n",
      "   5.48350989  5.81268821]\n",
      " [ 5.40098303  7.29693501  4.89599335  5.21557786  4.94197426  6.01103291\n",
      "   6.49384645  5.44511173  4.63853882  5.09241424  4.85946515  4.97737387\n",
      "   4.8472865   6.07906277  5.60068436  5.86646782  5.18955891  5.04005492\n",
      "   6.14803157  5.70594398]\n",
      " [ 4.6039267   4.89599335  6.71245718  5.24634679  4.74508418  4.82590873\n",
      "   5.91696845  4.59594437  4.59602689  4.78861661  4.79340283  4.95980793\n",
      "   5.05986627  5.89602231  5.35900132  4.89653849  5.28719977  4.54620718\n",
      "   5.79630137  5.77176468]\n",
      " [ 5.0189307   5.21557786  5.24634679  6.67496042  4.19929224  5.50107198\n",
      "   6.23563574  5.4005192   4.82146682  5.43822863  4.94292962  4.78404716\n",
      "   4.95687152  5.45734311  5.23516887  5.31833312  5.10772851  5.17347867\n",
      "   5.81476191  5.65275481]\n",
      " [ 4.2716914   4.94197426  4.74508418  4.19929224  5.60957189  4.6817565\n",
      "   5.03128233  4.46054944  3.72079227  4.01474079  3.76909018  4.04159682\n",
      "   4.20445191  4.76630433  5.13187429  4.82124535  4.23521127  4.45348281\n",
      "   5.23851922  4.88822002]\n",
      " [ 5.63367952  6.01103291  4.82590873  5.50107198  4.6817565   7.68189449\n",
      "   6.57633399  5.26167796  5.49756981  5.44779912  4.75419581  4.84374554\n",
      "   5.32446595  6.34194941  5.55522899  5.83170929  5.49627319  5.34646869\n",
      "   6.44234206  6.07351492]\n",
      " [ 5.85180602  6.49384645  5.91696845  6.23563574  5.03128233  6.57633399\n",
      "   8.42519669  6.06478219  5.78620992  6.07442263  5.8379393   5.73081973\n",
      "   5.52464811  6.90372037  5.93186697  6.22908252  5.7402803   5.63288943\n",
      "   7.13167142  6.28071825]\n",
      " [ 5.63660494  5.44511173  4.59594437  5.4005192   4.46054944  5.26167796\n",
      "   6.06478219  6.54307336  4.71456943  5.06556474  4.61497802  4.66410846\n",
      "   4.27377886  5.51200686  5.18487337  5.24617193  4.76492856  5.58674396\n",
      "   5.5354024   5.38453391]\n",
      " [ 4.67436959  4.63853882  4.59602689  4.82146682  3.72079227  5.49756981\n",
      "   5.78620992  4.71456943  6.00565981  4.56447213  4.31961807  4.33011754\n",
      "   4.38931267  5.03571786  4.71540588  4.50257267  4.67892759  4.6482862\n",
      "   4.88121609  4.85756645]\n",
      " [ 5.17411766  5.09241424  4.78861661  5.43822863  4.01474079  5.44779912\n",
      "   6.07442263  5.06556474  4.56447213  6.63357305  4.65092218  4.54333723\n",
      "   4.83599641  5.62750615  5.06122889  5.03093327  4.86983197  4.52821112\n",
      "   6.05475127  5.24575418]\n",
      " [ 5.47618529  4.85946515  4.79340283  4.94292962  3.76909018  4.75419581\n",
      "   5.8379393   4.61497802  4.31961807  4.65092218  6.03116564  4.97787109\n",
      "   4.6311131   5.0884997   4.95687888  4.70376672  4.72294091  4.66379596\n",
      "   5.57748915  5.29202498]\n",
      " [ 4.83598569  4.97737387  4.95980793  4.78404716  4.04159682  4.84374554\n",
      "   5.73081973  4.66410846  4.33011754  4.54333723  4.97787109  6.33181691\n",
      "   4.43871951  5.26696561  5.27777552  4.93763224  5.06728938  4.8090073\n",
      "   5.5469303   5.11312869]\n",
      " [ 5.01539254  4.8472865   5.05986627  4.95687152  4.20445191  5.32446595\n",
      "   5.52464811  4.27377886  4.38931267  4.83599641  4.6311131   4.43871951\n",
      "   6.1919365   5.39552519  5.43769061  5.22510372  5.12890168  4.60098062\n",
      "   5.69079155  5.35242727]\n",
      " [ 6.04547914  6.07906277  5.89602231  5.45734311  4.76630433  6.34194941\n",
      "   6.90372037  5.51200686  5.03571786  5.62750615  5.0884997   5.26696561\n",
      "   5.39552519  8.03422585  5.74049431  5.74918684  6.00797257  4.65758945\n",
      "   6.2573645   6.17358758]\n",
      " [ 5.21896058  5.60068436  5.35900132  5.23516887  5.13187429  5.55522899\n",
      "   5.93186697  5.18487337  4.71540588  5.06122889  4.95687888  5.27777552\n",
      "   5.43769061  5.74049431  7.12980523  5.31739371  5.31748598  5.21143003\n",
      "   5.8766877   6.11579313]\n",
      " [ 5.64388466  5.86646782  4.89653849  5.31833312  4.82124535  5.83170929\n",
      "   6.22908252  5.24617193  4.50257267  5.03093327  4.70376672  4.93763224\n",
      "   5.22510372  5.74918684  5.31739371  6.5807246   5.2180864   5.4358549\n",
      "   6.06981666  5.67893955]\n",
      " [ 5.29251983  5.18955891  5.28719977  5.10772851  4.23521127  5.49627319\n",
      "   5.7402803   4.76492856  4.67892759  4.86983197  4.72294091  5.06728938\n",
      "   5.12890168  6.00797257  5.31748598  5.2180864   6.62050351  4.54807339\n",
      "   5.5707833   5.99666812]\n",
      " [ 5.4836747   5.04005492  4.54620718  5.17347867  4.45348281  5.34646869\n",
      "   5.63288943  5.58674396  4.6482862   4.52821112  4.66379596  4.8090073\n",
      "   4.60098062  4.65758945  5.21143003  5.4358549   4.54807339  6.74177131\n",
      "   5.50389825  5.40119341]\n",
      " [ 5.48350989  6.14803157  5.79630137  5.81476191  5.23851922  6.44234206\n",
      "   7.13167142  5.5354024   4.88121609  6.05475127  5.57748915  5.5469303\n",
      "   5.69079155  6.2573645   5.8766877   6.06981666  5.5707833   5.50389825\n",
      "   8.23201727  6.32689131]\n",
      " [ 5.81268821  5.70594398  5.77176468  5.65275481  4.88822002  6.07351492\n",
      "   6.28071825  5.38453391  4.85756645  5.24575418  5.29202498  5.11312869\n",
      "   5.35242727  6.17358758  6.11579313  5.67893955  5.99666812  5.40119341\n",
      "   6.32689131  7.82934024]]\n",
      "P_C1 = 0.5\n",
      "P_C2 = 0.5\n",
      "_______________________________ calculating w and w0____________________________________\n",
      "W: \n",
      "[-0.01827337 -0.02273744 -0.00207347 -0.03587167 -0.0833619  -0.01174983\n",
      "  0.0478224   0.03309313 -0.04543742 -0.03814013 -0.04960919 -0.01022554\n",
      " -0.03592188  0.03629912  0.05605692  0.03801602  0.05183987  0.0152041\n",
      " -0.02381088  0.03533846]\n",
      "W0: \n",
      "0.0706447529057\n",
      "______________________________LDA prediction for known data points______________________\n",
      "class 1 labels(Positive Class): \n",
      "196.0\n",
      "class 2 labels(Negative Class): \n",
      "-160.0\n",
      "_____________________________ Train Evaluation (LDA) ___________________________________\n",
      "\n",
      "Accuracy of train in LDA: \n",
      "45.8928571429%\n",
      "_________________________ classification Evaluation *** LDA *** ________________________\n",
      "\n",
      "Accuracy: 44.75%\n",
      "\n",
      "Precision: 44.8275862069%\n",
      "\n",
      "Recall: 45.5%\n",
      "\n",
      "F1-measure: 45.1612903226%\n",
      "_________________________ classification Evaluation *** KNN *** ________________________\n",
      "\n",
      "\n",
      "___________________________________Visualization_______________________________________\n",
      "\n",
      "\n",
      "__ K = 1  ___ Confusion matrix = [[302, 284], [298, 316]]\n",
      "\n",
      "Accuracy: 51.5%\n",
      "Precision: 51.5358361775%\n",
      "Recall: 50.3333333333%\n",
      "F1_measure: 50.9274873524%\n",
      "\n",
      "__ K = 3  ___ Confusion matrix = [[316, 264], [284, 336]]\n",
      "\n",
      "Accuracy: 54.3333333333%\n",
      "Precision: 54.4827586207%\n",
      "Recall: 52.6666666667%\n",
      "F1_measure: 53.5593220339%\n",
      "\n",
      "__ K = 5  ___ Confusion matrix = [[321, 266], [279, 334]]\n",
      "\n",
      "Accuracy: 54.5833333333%\n",
      "Precision: 54.6848381601%\n",
      "Recall: 53.5%\n",
      "F1_measure: 54.0859309183%\n",
      "\n",
      "__ K = 7  ___ Confusion matrix = [[322, 274], [278, 326]]\n",
      "\n",
      "Accuracy: 54.0%\n",
      "Precision: 54.0268456376%\n",
      "Recall: 53.6666666667%\n",
      "F1_measure: 53.8461538462%\n",
      "\n",
      "__ K = 9  ___ Confusion matrix = [[310, 269], [290, 331]]\n",
      "\n",
      "Accuracy: 53.4166666667%\n",
      "Precision: 53.5405872193%\n",
      "Recall: 51.6666666667%\n",
      "F1_measure: 52.5869380831%\n",
      "\n",
      "__ K = 11  ___ Confusion matrix = [[313, 269], [287, 331]]\n",
      "\n",
      "Accuracy: 53.6666666667%\n",
      "Precision: 53.7800687285%\n",
      "Recall: 52.1666666667%\n",
      "F1_measure: 52.9610829103%\n",
      "\n",
      "__ K = 13  ___ Confusion matrix = [[303, 278], [297, 322]]\n",
      "\n",
      "Accuracy: 52.0833333333%\n",
      "Precision: 52.1514629948%\n",
      "Recall: 50.5%\n",
      "F1_measure: 51.3124470787%\n",
      "\n",
      "__ K = 15  ___ Confusion matrix = [[315, 268], [285, 332]]\n",
      "\n",
      "Accuracy: 53.9166666667%\n",
      "Precision: 54.0308747856%\n",
      "Recall: 52.5%\n",
      "F1_measure: 53.2544378698%\n",
      "\n",
      "__ K = 17  ___ Confusion matrix = [[302, 262], [298, 338]]\n",
      "\n",
      "Accuracy: 53.3333333333%\n",
      "Precision: 53.5460992908%\n",
      "Recall: 50.3333333333%\n",
      "F1_measure: 51.8900343643%\n",
      "\n",
      "__ K = 19  ___ Confusion matrix = [[308, 256], [292, 344]]\n",
      "\n",
      "Accuracy: 54.3333333333%\n",
      "Precision: 54.609929078%\n",
      "Recall: 51.3333333333%\n",
      "F1_measure: 52.9209621993%\n",
      "\n",
      "__ K = 21  ___ Confusion matrix = [[315, 258], [285, 342]]\n",
      "\n",
      "Accuracy: 54.75%\n",
      "Precision: 54.9738219895%\n",
      "Recall: 52.5%\n",
      "F1_measure: 53.7084398977%\n"
     ]
    },
    {
     "name": "stdout",
     "output_type": "stream",
     "text": [
      "\n",
      "__ K = 23  ___ Confusion matrix = [[315, 254], [285, 346]]\n",
      "\n",
      "Accuracy: 55.0833333333%\n",
      "Precision: 55.3602811951%\n",
      "Recall: 52.5%\n",
      "F1_measure: 53.8922155689%\n",
      "\n",
      "__ K = 25  ___ Confusion matrix = [[322, 245], [278, 355]]\n",
      "\n",
      "Accuracy: 56.4166666667%\n",
      "Precision: 56.7901234568%\n",
      "Recall: 53.6666666667%\n",
      "F1_measure: 55.1842330763%\n",
      "\n",
      "__ K = 27  ___ Confusion matrix = [[317, 248], [283, 352]]\n",
      "\n",
      "Accuracy: 55.75%\n",
      "Precision: 56.1061946903%\n",
      "Recall: 52.8333333333%\n",
      "F1_measure: 54.4206008584%\n",
      "\n",
      "__ K = 29  ___ Confusion matrix = [[315, 249], [285, 351]]\n",
      "\n",
      "Accuracy: 55.5%\n",
      "Precision: 55.8510638298%\n",
      "Recall: 52.5%\n",
      "F1_measure: 54.1237113402%\n",
      "\n",
      "__ K = 31  ___ Confusion matrix = [[325, 245], [275, 355]]\n",
      "\n",
      "Accuracy: 56.6666666667%\n",
      "Precision: 57.0175438596%\n",
      "Recall: 54.1666666667%\n",
      "F1_measure: 55.5555555556%\n",
      "\n",
      "__ K = 33  ___ Confusion matrix = [[324, 241], [276, 359]]\n",
      "\n",
      "Accuracy: 56.9166666667%\n",
      "Precision: 57.3451327434%\n",
      "Recall: 54.0%\n",
      "F1_measure: 55.6223175966%\n",
      "\n",
      "__ K = 35  ___ Confusion matrix = [[318, 249], [282, 351]]\n",
      "\n",
      "Accuracy: 55.75%\n",
      "Precision: 56.0846560847%\n",
      "Recall: 53.0%\n",
      "F1_measure: 54.498714653%\n",
      "\n",
      "__ K = 37  ___ Confusion matrix = [[321, 249], [279, 351]]\n",
      "\n",
      "Accuracy: 56.0%\n",
      "Precision: 56.3157894737%\n",
      "Recall: 53.5%\n",
      "F1_measure: 54.8717948718%\n",
      "\n",
      "__ K = 39  ___ Confusion matrix = [[323, 248], [277, 352]]\n",
      "\n",
      "Accuracy: 56.25%\n",
      "Precision: 56.5674255692%\n",
      "Recall: 53.8333333333%\n",
      "F1_measure: 55.1665243382%\n",
      "\n",
      "__ K = 41  ___ Confusion matrix = [[326, 239], [274, 361]]\n",
      "\n",
      "Accuracy: 57.25%\n",
      "Precision: 57.6991150442%\n",
      "Recall: 54.3333333333%\n",
      "F1_measure: 55.9656652361%\n",
      "\n",
      "__ K = 43  ___ Confusion matrix = [[325, 237], [275, 363]]\n",
      "\n",
      "Accuracy: 57.3333333333%\n",
      "Precision: 57.8291814947%\n",
      "Recall: 54.1666666667%\n",
      "F1_measure: 55.9380378657%\n",
      "\n",
      "__ K = 45  ___ Confusion matrix = [[328, 234], [272, 366]]\n",
      "\n",
      "Accuracy: 57.8333333333%\n",
      "Precision: 58.3629893238%\n",
      "Recall: 54.6666666667%\n",
      "F1_measure: 56.4543889845%\n",
      "\n",
      "__ K = 47  ___ Confusion matrix = [[332, 227], [268, 373]]\n",
      "\n",
      "Accuracy: 58.75%\n",
      "Precision: 59.3917710197%\n",
      "Recall: 55.3333333333%\n",
      "F1_measure: 57.2907679034%\n",
      "\n",
      "__ K = 49  ___ Confusion matrix = [[330, 235], [270, 365]]\n",
      "\n",
      "Accuracy: 57.9166666667%\n",
      "Precision: 58.407079646%\n",
      "Recall: 55.0%\n",
      "F1_measure: 56.652360515%\n",
      "\n",
      "__ K = 51  ___ Confusion matrix = [[323, 240], [277, 360]]\n",
      "\n",
      "Accuracy: 56.9166666667%\n",
      "Precision: 57.3712255773%\n",
      "Recall: 53.8333333333%\n",
      "F1_measure: 55.5460017197%\n",
      "\n",
      "__ K = 53  ___ Confusion matrix = [[326, 237], [274, 363]]\n",
      "\n",
      "Accuracy: 57.4166666667%\n",
      "Precision: 57.9040852575%\n",
      "Recall: 54.3333333333%\n",
      "F1_measure: 56.0619088564%\n",
      "\n",
      "__ K = 55  ___ Confusion matrix = [[321, 232], [279, 368]]\n",
      "\n",
      "Accuracy: 57.4166666667%\n",
      "Precision: 58.0470162749%\n",
      "Recall: 53.5%\n",
      "F1_measure: 55.6808326106%\n",
      "\n",
      "__ K = 57  ___ Confusion matrix = [[322, 232], [278, 368]]\n",
      "\n",
      "Accuracy: 57.5%\n",
      "Precision: 58.1227436823%\n",
      "Recall: 53.6666666667%\n",
      "F1_measure: 55.8058925477%\n",
      "\n",
      "__ K = 59  ___ Confusion matrix = [[323, 228], [277, 372]]\n",
      "\n",
      "Accuracy: 57.9166666667%\n",
      "Precision: 58.6206896552%\n",
      "Recall: 53.8333333333%\n",
      "F1_measure: 56.1251086012%\n",
      "\n",
      "__ K = 61  ___ Confusion matrix = [[323, 227], [277, 373]]\n",
      "\n",
      "Accuracy: 58.0%\n",
      "Precision: 58.7272727273%\n",
      "Recall: 53.8333333333%\n",
      "F1_measure: 56.1739130435%\n",
      "\n",
      "__ K = 63  ___ Confusion matrix = [[319, 228], [281, 372]]\n",
      "\n",
      "Accuracy: 57.5833333333%\n",
      "Precision: 58.3180987203%\n",
      "Recall: 53.1666666667%\n",
      "F1_measure: 55.6233653008%\n",
      "\n",
      "__ K = 65  ___ Confusion matrix = [[310, 225], [290, 375]]\n",
      "\n",
      "Accuracy: 57.0833333333%\n",
      "Precision: 57.9439252336%\n",
      "Recall: 51.6666666667%\n",
      "F1_measure: 54.6255506608%\n",
      "\n",
      "__ K = 67  ___ Confusion matrix = [[304, 224], [296, 376]]\n",
      "\n",
      "Accuracy: 56.6666666667%\n",
      "Precision: 57.5757575758%\n",
      "Recall: 50.6666666667%\n",
      "F1_measure: 53.9007092199%\n",
      "\n",
      "__ K = 69  ___ Confusion matrix = [[310, 228], [290, 372]]\n",
      "\n",
      "Accuracy: 56.8333333333%\n",
      "Precision: 57.6208178439%\n",
      "Recall: 51.6666666667%\n",
      "F1_measure: 54.4815465729%\n",
      "\n",
      "__ K = 71  ___ Confusion matrix = [[307, 234], [293, 366]]\n",
      "\n",
      "Accuracy: 56.0833333333%\n",
      "Precision: 56.7467652495%\n",
      "Recall: 51.1666666667%\n",
      "F1_measure: 53.8124452235%\n",
      "\n",
      "__ K = 73  ___ Confusion matrix = [[305, 237], [295, 363]]\n",
      "\n",
      "Accuracy: 55.6666666667%\n",
      "Precision: 56.2730627306%\n",
      "Recall: 50.8333333333%\n",
      "F1_measure: 53.415061296%\n",
      "\n",
      "__ K = 75  ___ Confusion matrix = [[300, 238], [300, 362]]\n",
      "\n",
      "Accuracy: 55.1666666667%\n",
      "Precision: 55.7620817844%\n",
      "Recall: 50.0%\n",
      "F1_measure: 52.7240773286%\n",
      "\n",
      "__ K = 77  ___ Confusion matrix = [[308, 240], [292, 360]]\n",
      "\n",
      "Accuracy: 55.6666666667%\n",
      "Precision: 56.204379562%\n",
      "Recall: 51.3333333333%\n",
      "F1_measure: 53.6585365854%\n",
      "\n",
      "__ K = 79  ___ Confusion matrix = [[304, 233], [296, 367]]\n",
      "\n",
      "Accuracy: 55.9166666667%\n",
      "Precision: 56.6108007449%\n",
      "Recall: 50.6666666667%\n",
      "F1_measure: 53.4740545295%\n",
      "\n",
      "__ K = 81  ___ Confusion matrix = [[294, 224], [306, 376]]\n",
      "\n",
      "Accuracy: 55.8333333333%\n",
      "Precision: 56.7567567568%\n",
      "Recall: 49.0%\n",
      "F1_measure: 52.5939177102%\n",
      "\n",
      "__ K = 83  ___ Confusion matrix = [[300, 230], [300, 370]]\n",
      "\n",
      "Accuracy: 55.8333333333%\n",
      "Precision: 56.6037735849%\n",
      "Recall: 50.0%\n",
      "F1_measure: 53.0973451327%\n",
      "\n",
      "__ K = 85  ___ Confusion matrix = [[297, 223], [303, 377]]\n",
      "\n",
      "Accuracy: 56.1666666667%\n",
      "Precision: 57.1153846154%\n",
      "Recall: 49.5%\n",
      "F1_measure: 53.0357142857%\n",
      "\n",
      "__ K = 87  ___ Confusion matrix = [[288, 220], [312, 380]]\n",
      "\n",
      "Accuracy: 55.6666666667%\n",
      "Precision: 56.6929133858%\n",
      "Recall: 48.0%\n",
      "F1_measure: 51.9855595668%\n",
      "\n",
      "__ K = 89  ___ Confusion matrix = [[290, 222], [310, 378]]\n",
      "\n",
      "Accuracy: 55.6666666667%\n",
      "Precision: 56.640625%\n",
      "Recall: 48.3333333333%\n",
      "F1_measure: 52.1582733813%\n",
      "\n",
      "__ K = 91  ___ Confusion matrix = [[291, 213], [309, 387]]\n",
      "\n",
      "Accuracy: 56.5%\n",
      "Precision: 57.7380952381%\n",
      "Recall: 48.5%\n",
      "F1_measure: 52.7173913043%\n",
      "\n",
      "__ K = 93  ___ Confusion matrix = [[285, 217], [315, 383]]\n",
      "\n",
      "Accuracy: 55.6666666667%\n",
      "Precision: 56.7729083665%\n",
      "Recall: 47.5%\n",
      "F1_measure: 51.724137931%\n",
      "\n",
      "__ K = 95  ___ Confusion matrix = [[286, 224], [314, 376]]\n",
      "\n",
      "Accuracy: 55.1666666667%\n",
      "Precision: 56.0784313725%\n",
      "Recall: 47.6666666667%\n",
      "F1_measure: 51.5315315315%\n",
      "\n",
      "__ K = 97  ___ Confusion matrix = [[279, 229], [321, 371]]\n",
      "\n",
      "Accuracy: 54.1666666667%\n",
      "Precision: 54.9212598425%\n",
      "Recall: 46.5%\n",
      "F1_measure: 50.3610108303%\n",
      "\n",
      "__ K = 99  ___ Confusion matrix = [[277, 224], [323, 376]]\n",
      "\n",
      "Accuracy: 54.4166666667%\n",
      "Precision: 55.2894211577%\n",
      "Recall: 46.1666666667%\n",
      "F1_measure: 50.3178928247%\n",
      "\n",
      "__ K = 101  ___ Confusion matrix = [[281, 229], [319, 371]]\n",
      "\n",
      "Accuracy: 54.3333333333%\n",
      "Precision: 55.0980392157%\n",
      "Recall: 46.8333333333%\n",
      "F1_measure: 50.6306306306%\n",
      "\n",
      "__ K = 103  ___ Confusion matrix = [[282, 233], [318, 367]]\n",
      "\n",
      "Accuracy: 54.0833333333%\n",
      "Precision: 54.7572815534%\n",
      "Recall: 47.0%\n",
      "F1_measure: 50.5829596413%\n",
      "\n",
      "__ K = 105  ___ Confusion matrix = [[279, 231], [321, 369]]\n",
      "\n",
      "Accuracy: 54.0%\n",
      "Precision: 54.7058823529%\n",
      "Recall: 46.5%\n",
      "F1_measure: 50.2702702703%\n",
      "\n",
      "__ K = 107  ___ Confusion matrix = [[272, 232], [328, 368]]\n",
      "\n",
      "Accuracy: 53.3333333333%\n",
      "Precision: 53.9682539683%\n",
      "Recall: 45.3333333333%\n",
      "F1_measure: 49.2753623188%\n",
      "\n",
      "__ K = 109  ___ Confusion matrix = [[271, 230], [329, 370]]\n",
      "\n",
      "Accuracy: 53.4166666667%\n",
      "Precision: 54.0918163673%\n",
      "Recall: 45.1666666667%\n",
      "F1_measure: 49.2279745686%\n",
      "\n",
      "__ K = 111  ___ Confusion matrix = [[271, 228], [329, 372]]\n",
      "\n",
      "Accuracy: 53.5833333333%\n",
      "Precision: 54.3086172345%\n",
      "Recall: 45.1666666667%\n",
      "F1_measure: 49.3175614195%\n",
      "\n",
      "__ K = 113  ___ Confusion matrix = [[276, 232], [324, 368]]\n",
      "\n",
      "Accuracy: 53.6666666667%\n",
      "Precision: 54.3307086614%\n",
      "Recall: 46.0%\n",
      "F1_measure: 49.8194945848%\n",
      "\n",
      "__ K = 115  ___ Confusion matrix = [[273, 232], [327, 368]]\n",
      "\n",
      "Accuracy: 53.4166666667%\n",
      "Precision: 54.0594059406%\n",
      "Recall: 45.5%\n",
      "F1_measure: 49.4117647059%\n",
      "\n",
      "__ K = 117  ___ Confusion matrix = [[273, 237], [327, 363]]\n",
      "\n",
      "Accuracy: 53.0%\n",
      "Precision: 53.5294117647%\n",
      "Recall: 45.5%\n",
      "F1_measure: 49.1891891892%\n",
      "\n",
      "__ K = 119  ___ Confusion matrix = [[269, 234], [331, 366]]\n",
      "\n",
      "Accuracy: 52.9166666667%\n",
      "Precision: 53.4791252485%\n",
      "Recall: 44.8333333333%\n",
      "F1_measure: 48.7760652765%\n",
      "\n",
      "__ K = 121  ___ Confusion matrix = [[273, 234], [327, 366]]\n",
      "\n",
      "Accuracy: 53.25%\n",
      "Precision: 53.8461538462%\n",
      "Recall: 45.5%\n",
      "F1_measure: 49.3224932249%\n",
      "\n",
      "__ K = 123  ___ Confusion matrix = [[280, 230], [320, 370]]\n",
      "\n",
      "Accuracy: 54.1666666667%\n",
      "Precision: 54.9019607843%\n",
      "Recall: 46.6666666667%\n",
      "F1_measure: 50.4504504505%\n",
      "\n",
      "__ K = 125  ___ Confusion matrix = [[277, 227], [323, 373]]\n",
      "\n",
      "Accuracy: 54.1666666667%\n",
      "Precision: 54.9603174603%\n",
      "Recall: 46.1666666667%\n",
      "F1_measure: 50.1811594203%\n",
      "\n",
      "__ K = 127  ___ Confusion matrix = [[279, 228], [321, 372]]\n",
      "\n",
      "Accuracy: 54.25%\n",
      "Precision: 55.0295857988%\n",
      "Recall: 46.5%\n",
      "F1_measure: 50.406504065%\n"
     ]
    },
    {
     "name": "stdout",
     "output_type": "stream",
     "text": [
      "\n",
      "__ K = 129  ___ Confusion matrix = [[272, 233], [328, 367]]\n",
      "\n",
      "Accuracy: 53.25%\n",
      "Precision: 53.8613861386%\n",
      "Recall: 45.3333333333%\n",
      "F1_measure: 49.2307692308%\n",
      "\n",
      "__ K = 131  ___ Confusion matrix = [[269, 231], [331, 369]]\n",
      "\n",
      "Accuracy: 53.1666666667%\n",
      "Precision: 53.8%\n",
      "Recall: 44.8333333333%\n",
      "F1_measure: 48.9090909091%\n",
      "\n",
      "__ K = 133  ___ Confusion matrix = [[270, 234], [330, 366]]\n",
      "\n",
      "Accuracy: 53.0%\n",
      "Precision: 53.5714285714%\n",
      "Recall: 45.0%\n",
      "F1_measure: 48.9130434783%\n",
      "\n",
      "__ K = 135  ___ Confusion matrix = [[272, 230], [328, 370]]\n",
      "\n",
      "Accuracy: 53.5%\n",
      "Precision: 54.1832669323%\n",
      "Recall: 45.3333333333%\n",
      "F1_measure: 49.3647912886%\n",
      "\n",
      "__ K = 137  ___ Confusion matrix = [[271, 226], [329, 374]]\n",
      "\n",
      "Accuracy: 53.75%\n",
      "Precision: 54.5271629779%\n",
      "Recall: 45.1666666667%\n",
      "F1_measure: 49.4074749316%\n",
      "\n",
      "__ K = 139  ___ Confusion matrix = [[269, 233], [331, 367]]\n",
      "\n",
      "Accuracy: 53.0%\n",
      "Precision: 53.5856573705%\n",
      "Recall: 44.8333333333%\n",
      "F1_measure: 48.8203266788%\n",
      "\n",
      "__ K = 141  ___ Confusion matrix = [[273, 230], [327, 370]]\n",
      "\n",
      "Accuracy: 53.5833333333%\n",
      "Precision: 54.2743538767%\n",
      "Recall: 45.5%\n",
      "F1_measure: 49.5013599275%\n",
      "\n",
      "__ K = 143  ___ Confusion matrix = [[272, 234], [328, 366]]\n",
      "\n",
      "Accuracy: 53.1666666667%\n",
      "Precision: 53.7549407115%\n",
      "Recall: 45.3333333333%\n",
      "F1_measure: 49.1862567812%\n",
      "\n",
      "__ K = 145  ___ Confusion matrix = [[274, 237], [326, 363]]\n",
      "\n",
      "Accuracy: 53.0833333333%\n",
      "Precision: 53.6203522505%\n",
      "Recall: 45.6666666667%\n",
      "F1_measure: 49.3249324932%\n",
      "\n",
      "__ K = 147  ___ Confusion matrix = [[272, 235], [328, 365]]\n",
      "\n",
      "Accuracy: 53.0833333333%\n",
      "Precision: 53.6489151874%\n",
      "Recall: 45.3333333333%\n",
      "F1_measure: 49.1418247516%\n",
      "\n",
      "__ K = 149  ___ Confusion matrix = [[279, 241], [321, 359]]\n",
      "\n",
      "Accuracy: 53.1666666667%\n",
      "Precision: 53.6538461538%\n",
      "Recall: 46.5%\n",
      "F1_measure: 49.8214285714%\n",
      "\n",
      "__ K = 151  ___ Confusion matrix = [[273, 244], [327, 356]]\n",
      "\n",
      "Accuracy: 52.4166666667%\n",
      "Precision: 52.8046421663%\n",
      "Recall: 45.5%\n",
      "F1_measure: 48.8809310654%\n",
      "\n",
      "__ K = 153  ___ Confusion matrix = [[271, 238], [329, 362]]\n",
      "\n",
      "Accuracy: 52.75%\n",
      "Precision: 53.2416502947%\n",
      "Recall: 45.1666666667%\n",
      "F1_measure: 48.872858431%\n",
      "\n",
      "__ K = 155  ___ Confusion matrix = [[272, 241], [328, 359]]\n",
      "\n",
      "Accuracy: 52.5833333333%\n",
      "Precision: 53.0214424951%\n",
      "Recall: 45.3333333333%\n",
      "F1_measure: 48.8769092543%\n",
      "\n",
      "__ K = 157  ___ Confusion matrix = [[273, 240], [327, 360]]\n",
      "\n",
      "Accuracy: 52.75%\n",
      "Precision: 53.216374269%\n",
      "Recall: 45.5%\n",
      "F1_measure: 49.0566037736%\n",
      "\n",
      "__ K = 159  ___ Confusion matrix = [[272, 240], [328, 360]]\n",
      "\n",
      "Accuracy: 52.6666666667%\n",
      "Precision: 53.125%\n",
      "Recall: 45.3333333333%\n",
      "F1_measure: 48.9208633094%\n",
      "\n",
      "__ K = 161  ___ Confusion matrix = [[270, 242], [330, 358]]\n",
      "\n",
      "Accuracy: 52.3333333333%\n",
      "Precision: 52.734375%\n",
      "Recall: 45.0%\n",
      "F1_measure: 48.5611510791%\n",
      "\n",
      "__ K = 163  ___ Confusion matrix = [[268, 230], [332, 370]]\n",
      "\n",
      "Accuracy: 53.1666666667%\n",
      "Precision: 53.8152610442%\n",
      "Recall: 44.6666666667%\n",
      "F1_measure: 48.8160291439%\n",
      "\n",
      "__ K = 165  ___ Confusion matrix = [[273, 228], [327, 372]]\n",
      "\n",
      "Accuracy: 53.75%\n",
      "Precision: 54.4910179641%\n",
      "Recall: 45.5%\n",
      "F1_measure: 49.591280654%\n",
      "\n",
      "__ K = 167  ___ Confusion matrix = [[267, 230], [333, 370]]\n",
      "\n",
      "Accuracy: 53.0833333333%\n",
      "Precision: 53.722334004%\n",
      "Recall: 44.5%\n",
      "F1_measure: 48.678213309%\n",
      "\n",
      "__ K = 169  ___ Confusion matrix = [[271, 227], [329, 373]]\n",
      "\n",
      "Accuracy: 53.6666666667%\n",
      "Precision: 54.4176706827%\n",
      "Recall: 45.1666666667%\n",
      "F1_measure: 49.3624772313%\n",
      "\n",
      "__ K = 171  ___ Confusion matrix = [[270, 235], [330, 365]]\n",
      "\n",
      "Accuracy: 52.9166666667%\n",
      "Precision: 53.4653465347%\n",
      "Recall: 45.0%\n",
      "F1_measure: 48.8687782805%\n",
      "\n",
      "__ K = 173  ___ Confusion matrix = [[268, 237], [332, 363]]\n",
      "\n",
      "Accuracy: 52.5833333333%\n",
      "Precision: 53.0693069307%\n",
      "Recall: 44.6666666667%\n",
      "F1_measure: 48.5067873303%\n",
      "\n",
      "__ K = 175  ___ Confusion matrix = [[270, 236], [330, 364]]\n",
      "\n",
      "Accuracy: 52.8333333333%\n",
      "Precision: 53.3596837945%\n",
